Meta_labels	I_7669690	I_7670609	I_7670715	I_7673207	I_7673266	I_7673339	I_7673535	I_7673608	I_7673701	I_7673837	I_7674181	I_7674290	I_7674859	I_7674971	I_7675053	I_7675236	I_7675994	I_7676272	I_7676382	I_7676403	I_7676521	I_7676619	I_7676622	I_7687377
3bae62a6-dc08-4ed5-977d-5271e0043c1b	26	23	21	27	30	25	87	122	124	127	125	68	61	100	103	134	136	104	119	122	128	83	86	106
6c68e62c-df70-4534-b06a-fbac70a348e0	34	36	14	5	7	0	14	24	22	16	17	18	14	21	19	54	52	29	24	25	24	19	16	25
d01b20fd-7353-4cd6-970b_12817d48265b	144	148	129	21	18	11	121	130	131	172	168	160	156	142	146	180	166	171	165	151	150	122	118	112
dacbaed5-777d-47fb-9f34-d0132a0cf68e	284	264	261	1	2	0	261	313	331	262	258	304	277	227	230	32	258	280	274	279	272	212	202	201
TCGA-39-5039-01A-01R-1443-07	39	45	40	3	1	1	43	46	47	51	48	26	26	22	24	34	36	39	41	25	25	20	19	19
TCGA-43-A474-01A-11R-A24H-07	21	21	18	2	1	1	17	31	32	19	20	12	26	21	20	17	17	18	21	20	21	11	10	13
TCGA-50-5933-01A-11R-1755-07	87	101	99	1	0	0	99	123	121	115	116	61	55	89	100	76	78	119	134	101	102	46	46	47
TCGA-56-7823-01B-11R-2247-07	8	11	10	1	0	0	10	17	19	7	9	19	15	2	5	12	12	11	10	10	10	7	8	8
TCGA-56-8082-01A-11R-2247-07	325	344	363	3	3	5	370	422	443	345	344	230	213	174	109	350	353	345	321	321	334	195	188	196
