labels	SJ_17.7670716.7673701	SJ_17.7674291.7675053	SJ_17.7674340.7674859	SJ_17.7674955.7675053	SJ_17.7675216.7675994	SJ_17.7675237.7676194	SJ_17.7675237.7676382
3bae62a6-dc08-4ed5-977d-5271e0043c1b	0	2	0	0	1	0	3
6c68e62c-df70-4534-b06a-fbac70a348e0	0	0	0	0	0	0	1
TCGA-39-5039-01A-01R-1443-07	0	1	0	0	0	0	0
TCGA-43-A474-01A-11R-A24H-07	0	0	15	0	0	0	1
TCGA-50-5933-01A-11R-1755-07	0	3	0	10	1	0	0
TCGA-56-7823-01B-11R-2247-07	0	1	0	3	0	0	0
TCGA-56-8082-01A-11R-2247-07	0	5	0	0	7	0	11
d01b20fd-7353-4cd6-970b_12817d48265b	5	0	0	0	9	10	2
dacbaed5-777d-47fb-9f34-d0132a0cf68e	0	3	0	0	214	0	0
