labels	SJ_17.7670716.7673701	SJ_17.7674291.7675053	SJ_17.7674340.7674859	SJ_17.7674955.7675053	SJ_17.7675216.7675994	SJ_17.7675237.7676194	SJ_17.7675237.7676382
3bae62a6-dc08-4ed5-977d-5271e0043c1b	155	165	60	105	135	140	247
6c68e62c-df70-4534-b06a-fbac70a348e0	31	34	13	21	52	53	83
TCGA-39-5039-01A-01R-1443-07	91	53	27	26	34	34	74
TCGA-43-A474-01A-11R-A24H-07	48	25	20	20	17	18	36
TCGA-50-5933-01A-11R-1755-07	220	162	56	106	79	78	199
TCGA-56-7823-01B-11R-2247-07	28	23	17	6	12	12	22
TCGA-56-8082-01A-11R-2247-07	792	332	211	121	352	357	660
d01b20fd-7353-4cd6-970b_12817d48265b	251	288	149	139	80	117	283
dacbaed5-777d-47fb-9f34-d0132a0cf68e	588	509	282	224	247	30	304
